1
48.176
83.5
171.94
96.651
168.27
347.59
2.5
2.5
2.5
1.0105
1.006
1.0029
1
1
1
-3.8502
-8.5e-05
4.2983
-3.1514e+05
-0.058377
-18386
-12323
-0.15457
1
1
2.6052
130
-1.4338
-35223
2.6984
-1.1384
-0.5
-0.36119
0.67811
-0.43624
0.23196
0.85697
0.84061
-18444
2853.7
0.93064
2.1759
1
109.87
191.38
395.48
221.73
387.01
800.82
2.5
2.5
2.5
1.0045
1.0026
1.0012
1
1
1
-2.7938
-8.4e-05
21.129
-3.1373e+05
0.81999
-130.81
-16363
-0.9843
1
1
1
300
-1.8519
-4676
3.0091
-1.1384
-0.32189
-0.36119
0.5
-1
-18.24
-2.803
-8.481
-130.68
131.78
5.1427
2.6306
4.9738
0.72794
8.3794
3.7239
0.48709
6.2737
-1e-06
-0.0335
-0.057756
0.016897
-0.034848
-0.18024
275.5
190.87
463.57
382.18
220.86
643.86
-0.22459
0
-0.3254
-0.20183
-0.15701
-0.29243
1.0709
0.7557
4.035
1.2773
0.92447
5.0379
-0.73266
-0.8037
-0.31855
-2.0795
-2.1491
-0.84856
9.7744
7.0352
38.339
10.116
7.2455
37.818
-2.4365
-3.0305
-0.75721
-1.7104
-2.0959
-0.35281
-3
-2.8294
-2.1929
1.2797
-0.39302
-0.99199
-3
-3
-2.7951
3.0422
1.4496
-0.63525
3
1.0266
1.7212
841.56
109.89
37.695
-319.04
13.918
11.094
4.7401
-0.98736
0.90566
0.00814
-4.3593
-4.4668
-4.5578
-330.56
603.84
2464.3
-0.025955
-0.068662
-0.17229
-4
-4
-4
0
0
0
4
4
4
0
0
0
3
1
1.0227
3.207
208.11
156.64
20.205
15.71
14.091
10.44
-0.98545
0.92484
0.007705
-2.9765
-2.9247
-2.9452
-1845.2
-765.37
1375.2
0
-0.022173
-0.083761
-4
-4
-4
0
0
0
4
4
4
0
0
0
100.15
173.64
357.64
201
350
723.07
2.5
2.5
2.5
1.005
1.0029
1.0014
0.99811
0.99847
0.99899
-5.8801
-0.000159
23.17
-3.1397e+05
0.82421
-145.1
-18967
-0.9854
9.3247
0.34658
-0.79477
1.1846
1.0267
0.15795
1.8138
0
0
0
12.556
2.2232
12.536
0.81743
-0.79283
-1e-06
-1e-06
-1e-06
0.80164
0
0
0
3
3
20.567
2.1276
5.5423
3.2744
-3
-2.8816
-2.2678
1.5903
0
-0.98168
12.797
0.88769
-0.79261
-1e-06
0
-0.16052
0.088412
0
0
0
3
3
21.492
2.12
4.8785
3.301
-3
-2.8855
-2.2735
1.612
0
-0.9806
12.814
0.89234
-0.79258
-2.2204e-16
-1e-06
-1.1102e-16
0.005404
0
0
0
3
3
21.547
2.1195
4.842
3.3028
-3
-2.8857
-2.2738
1.6134
0
-0.98053
12.821
0.89342
-0.79198
0
0
1.1102e-16
-0.024551
0
0
0
3
3
21.245
2.1173
4.8396
3.3027
-3
-2.8858
-2.274
1.614
0
-0.9805
13.096
0.92898
-0.76554
-1e-06
1.1102e-16
-1e-06
-1.07
0
0
0
3
3
13.157
2.0268
4.8363
3.2925
-3
-2.8894
-2.2791
1.6339
0
-0.97946
22.06
2.3329
-0.31265
-1.1102e-16
0
1e-06
-5.1362
0
0
0
3
3
1.9592
1.0717
4.903
2.9394
-3
-2.9897
-2.4234
2.1305
0
-0.92851
56.149
11.082
0.27451
1.1543
1.2505
0.48096
0.88176
0
1
1
2.5177
1.3372
3
67.225
116.06
238.34
134.24
233.26
481.18
2.5
2.5
2.5
1.0076
1.0043
1.0021
0.99714
0.99768
0.99847
-8.8376
-0.000159
19.237
-3.1473e+05
0.78693
-221.08
-20034
-0.98732
-0.36443
-0.21882
-0.21086
145.11
-1.5957
-2618.7
8.3681
-0.13835
0.44917
0.55108
0.99798
0
-0.79106
-0.6124
-0.60275
-219.94
221.31
1.8113
5.8769
3
100.15
173.64
357.64
201
350
723.07
2.5
2.5
2.5
1.005
1.0029
1.0014
0.99811
0.99847
0.99899
-3.7197
-0.000158
9.6464
-3.1397e+05
-0.053692
-9087.7
-12133
-0.24541
-8.6032
-8.4542
-8.4377
222.17
-1.8001
-20448
1.9279
-0.13835
0.98051
0.86466
0.046452
0
-9.0878
-8.9337
-8.9166
-9146.4
2248.3
1.3895
1.8389
