1.000000
1.000000
1.000000
1.000000
1.000000
0.968394
1.000000
1.000000
1.000000
1.000000
1.000000
1.000000
1.000000
1.000000
0.943764
2.381903
1.194959
1.000000
1.000000
1.000000
1.000000
1.000000
1.000000
1.000000
1.000000
1.000000
1.000000
1.000000
1.000000
1.000000
1.000000
1.000000
1.000009
1.000000
1.000002
0.999167
0.998816
0.999999
1.000000
1.006717
1.000000
1.000000
1.000000
1.000000
1.000000
1.190054
1.000000
1.000000
1.000000
1.000000
1.000000
1.000000
1.000000
1.000000
0.991805
1.000447
0.993011
1.000000
1.000000
1.000000
1.000000
1.000000
1.000000
1.000000
1.000000
1.000000
1.000000
1.000000
1.000000
1.000000
1.000000
1.000000
0.999992
1.000000
1.000000
0.998276
0.998028
0.999984
1.000000
0.999755
0.993101
1.071983
1.000000
1.000790
0.999684
1.000000
0.973964
1.040394
1.000000
0.961980
1.024811
0.999613
0.980225
1.020162
1.012588
1.003447
1.000000
1.041833
1.002632
0.993392
1.006577
1.000031
0.963703
1.003447
1.000000
0.826748
1.066480
0.998596
0.993999
1.007406
0.979364
1.040394
1.000000
0.242168
0.777427
1.002352
0.874581
1.123066
1.012876
1.036458
1.006760
-1.210014
-2.060772
0.662933
1.001092
1.002133
1.000507
0.995860
0.996816
0.998949
1.093553
1.094675
1.040810
0.942059
0.978074
0.964852
1.001901
0.997950
0.994349
0.998779
1.000568
1.005837
0.995646
0.991702
0.979973
1.005234
1.006919
1.011972
1.012865
1.013818
1.000064
1.126515
1.207415
1.122275
0.999948
0.999970
0.999985
0.999974
0.999985
0.999993
1.000013
1.000007
1.000003
1.000000
1.000000
1.000000
1.000014
1.000004
1.000006
1.005612
0.999993
0.999840
0.995559
0.994945
0.999990
0.965829
0.998707
0.999992
0.999992
0.999992
1.005740
1.008911
1.009727
1.018766
1.032341
1.063630
0.999593
0.999766
0.999887
0.999798
0.999884
0.999944
1.000098
1.000055
1.000027
1.000000
1.000000
1.000000
1.000077
1.000063
1.000045
1.191598
1.000004
1.003997
1.000879
0.996765
1.000248
1.641539
1.000197
0.999998
0.999998
0.999998
1.014900
1.023624
1.038339
1.141417
1.231577
1.422805
0.984192
1.002645
1.000000
0.998679
0.999526
1.000834
0.999120
1.000046
0.955970
1.002645
1.000000
0.635004
1.064420
1.000007
0.991047
1.008946
0.978014
1.001012
1.000000
0.985907
0.998089
1.003536
0.996466
0.999998
1.006297
1.010299
1.000101
0.982725
1.001012
1.000000
0.828095
1.077614
1.000286
0.999647
1.000067
1.001686
1.001421
1.000000
1.002608
0.999433
1.000041
0.999951
1.000009
0.997891
0.996176
1.000008
0.982535
1.001421
1.000000
0.830853
1.077781
1.000017
0.999875
1.000108
1.001548
1.001565
1.000000
1.003486
0.999460
0.999855
1.000127
1.000017
0.999699
1.000100
1.000035
0.980175
1.001565
1.000000
0.816641
1.076638
1.000002
0.999201
1.000797
0.999728
1.006086
1.000000
1.002271
1.000812
1.000124
0.999699
1.000177
1.000551
1.001114
1.000038
0.942970
1.006086
1.000000
0.468496
1.032390
0.999739
0.970961
1.029300
0.971724
1.077030
1.000000
0.887273
0.980254
1.004496
0.979771
1.015733
1.022522
1.037980
1.000299
0.947533
1.077030
1.000000
0.617955
0.886950
0.997682
0.814671
1.187647
1.329311
1.549367
1.018530
0.994988
0.984938
0.996939
0.975266
0.925805
0.988228
1.000696
1.000997
1.000401
1.001125
1.001888
1.000822
1.090801
1.106487
1.035965
1.134638
1.167743
1.038768
0.999187
0.998863
0.999813
1.001719
0.999594
0.997536
1.005643
1.022765
1.008608
1.031299
1.084673
1.335229
1.001258
1.002674
1.011085
0.998030
0.996679
0.998086
1.001998
1.003512
1.003122
1.005888
1.009566
1.011751
1.000000
1.000000
1.000000
1.000000
1.000000
1.000000
0.999992
0.999992
0.999992
1.004674
1.004182
1.004214
1.000670
1.001738
1.368225
0.999956
0.988004
1.014650
1.015773
1.003447
1.006154
1.005568
1.005545
0.997888
0.997747
0.998542
1.008463
1.015345
1.036958
1.000637
0.996006
1.000637
1.096740
1.091036
1.099635
1.014900
1.024157
1.041843
1.000000
1.000000
1.000000
1.000000
1.000000
1.000000
0.999998
0.999998
0.999998
1.387913
1.381895
1.381228
1.007235
1.020260
0.863499
0.999956
0.980135
0.853887
1.021142
1.040394
1.407488
1.401243
1.400677
1.030788
1.052290
1.184909
0.999593
0.999766
0.999887
0.999798
0.999884
0.999944
1.000098
1.000055
1.000027
1.000000
1.000000
1.000000
1.000077
1.000063
1.000045
1.020829
1.000003
0.991236
1.000513
1.001394
1.000013
1.595355
1.005890
1.002431
1.010299
1.005357
0.999193
0.996176
1.000473
0.999885
1.000100
1.001810
1.000211
1.001114
1.002038
1.008551
1.037980
1.014619
1.105194
1.549367
1.259197
